$ANSIBLE_VAULT;1.1;AES256
38333831336133306436306264653466356438393137303364623463616232336666366364626236
3863666662376463653730623231396431353164316430390a663131396437393939353962656665
61323638346130356236313065313937306366303638633666666536666133373535636132346134
3035613166393332380a373835363962353262363836613964376436313463386338303466633866
61316132313263666434356430386432333938653034636431323564323465353230373830303834
63623330393363656363326638373838613830356438336534376136353330386537306239383434
32663835323661383662653233616333666566323239653738626531646537373966613230353534
34623831633863636633333530396238363961623965626263346132663730646466646433646233
36306366323863383962373164616635353061666132393936383065313230303561346437323066
32353632613038336261396366366563626562396632386566663833636238656232626236613339
30393862376535393436373038613937313834613335663563623031663363363233613833336131
66323535333761656435323866346637636633616634636335316533356635326637323639326133
63313635613164363036393962373134363363383862656130386665623562633434626330326134
35313066613265373136356233323566356138323465383664616538393031303431393738336561
32333062393763626230343336343464386665326134396162313439313437666231363033393336
36323962323138613665356465343236333062333933313738643236383135623437653834643265
36336233623062313538383864636538343165633764393764393461323365613135623730366564
65316361656636653732616165363265643339626361386364643864623562366562326131346433
38643165333436636565336166316232643464376432623165303133363964383439643263336233
64666237376632333932353938663433653232333538613730623730313131636135623766313034
37343838393038316338623839323734353931656231393330633264323331386535343832306263
32646539393863316239633431626437393535616430353232636237306439333762323237616265
33323062396538643764653437613466313230613033646165376439353130663564646561663265
63346163613532346532663666376364623836653837633832393361303731313531666331663633
64336362653861653462323335633930363138643363623863396237626133333262303163663966
38666362383132646330653934313232386462633830303337356633633139313331373530333462
30363531366230383430613465626437346465356332663333333434393065303635333238376237
33643266653664383261323631316537373632396630386561383531353230386366613436656333
63656236626263663966326636303230653330386233343133306566383366343033303536306332
38346537393238313636336161396234323866326363343035316163623730643632336130346531
64393932653438393064633039386362323763613764363963653530633439626635623466623661
39383535376632373639383733386661663137613131393934353431613733656364626432343830
63393565613365316662376364646530653934313366393532336437393437346162346337633736
63626463343139336232393035636663316263306134333064633139316266623639336433353638
38613233356532366236343531643132616665333866646431616130616437653264393663396664
37373234376230363964356236626662306266633135623063336334396565343636353735633334
61613233616562666464626131656662613930373034373133383866663462663538313163353963
63373766356136376437643837633936356262303334643135373630343564393638616339356465
64333363303266643530306261336431336565326133363062396139353134633031346365666133
32656265353131316433653330353537393437393135643031386364396531616365323636326635
61393833656638326466636666303632383363656139323430643336323433656532386631643734
39306666363361363066323966656531303366656431613462656335623533306231376336653536
30616161303731346265636430393033303030333038616566633932333039623136343239303864
34616162653931306630623436656264626534346561646463613132336634346638633238633466
65623933663863666534326535666164393131383065303066333231326633333764646463366339
31653033646439653961663266333461613737626334643931636165643961326239643063303737
65346363656533393237623434393739316639626237623966336630306636633835623631343530
33653636386434376536323366303033343564663162303366643466663262656132363135626632
64376630613033636663646333643030356436333730613163623239653163616335666635303435
32616633653533623361333337343330643464393462353263643838613963373537313235313639
30336637373962366365323564343363633464366531326232373937373536376665613234663132
62643935656133366435393666396137343866373062303932633434333761323133333762613566
37656439383130323835363737393632333135393563363062633363326161653138363966356230
61316539333439396361333466633062303864313464316265323066633133336531633730366362
63616231396561616138306264373434623035323236353161623665363739626635366137613838
38356433653139376532643861396630376430373861643464393534393761333263313230363333
34393438373538323261363930323765363363336338626666636138356334313032386535663066
64383135313331353862316363353261643635643433653031316264336535386165363230373537
37643565383235643362393237656431383063643439313166333635346361393466396337623632
30353138323738633862643033383564373037323864386338303235373337643561656137616335
35336465353438666436646339353666393837363231663362346262306364633461303665343336
34623866636238666637663433646530323638326533373666383066663831646363616261303737
37633236333366313764333765326363643634393563656230313134356139313931383032313333
62313437373036663930373233373665656439326530636466353634303339313064343465393436
61396265356265303232343630333965666537633038636330393235623165346339616230666131
63343331383165343533626433366132353764353233643934666239353864326639623430663135
35303430326233626236623935643565316464656631393730366233663034653161626533653063
33366230616166646230626132326430396338323938316530663036313038636239623632303263
30343564323033303863633034333163626236633630303132633631313431323765316137316435
37366638383162666336376433643866393637386365363538633863623939316237323039633632
39373362333233323761353138393162326233623634336234363730666364616661313531343464
66633365386636313833386362613262366234306434356464363535653830373031633430656232
35386434643166636138336662643163663337346435643835366563316139313063313666636166
35653535663137633865633833306430653935633661623734306439393539356131393036316635
31666664626666303537363836636230333439346164303133356263336136366334636361643239
61383965623934626164386236396564663662343562613864646537643236386137383864366334
30313833333034326333633631353862653861346430333666353138396237323631633839386330
39666137333330643231336636316334366339653236323935313436356531393633376263633365
39363430313636653938326663373636393562356635373531616166316538663437383830643135
64383564353937396564386630623436663966356430383735656262613638636335316462383937
61356130343738306563323364333230646139396339316139623435303135386538343137323962
65336566323164613539313631383931616339633664646536613036636338653731666166613464
62623636356536613864656230363139363837333561656438636231653132346431366163643462
34333737326530386136393034353934333435343230643138663736383765386334383638336431
38383038646265383464323862393039663332343035383061303131643364346661643064643734
39383061333064653966656662633665653337646630623062616434613166353734356334643932
37633161323861363364306164353235393264356437323932343662613534323236326130316233
38333562396565353562343761633661633532343033656464623362346231383236366532346566
63343763643061653935386335326337373238386337323666366661616663623432643361336461
64353966643534306166363733346262643135313638663264383566623763646632343765343636
65623937383332306332373830666437306263643039646137313731363434303934666661613262
65313836303336396134656334373565636430326438346166373862353364346430623839366563
36663733346234323932373064666565316363643434303034303539303433356532313138323831
34306636326539653634393962623235623562373935343662666634353039626131616438656339
62623464353631616335383164346362313935303962353130633631646436383334336431313863
34356361346638623365613333303138616432303365333736313937663437326466623937396236
66613132323764323762346562616538393138363933303133333932363436346232656137393161
34663339393631303430623164313563376238636162656665303637313938663066343131613536
63386235666538373237356463386635316530363861326130646162313163666161643761303435
65313836616530656639613364323236323235386661383636666537353638316165663634386266
39663538393733303333373865653233653032366633336532356263393436306431316466653236
63386664306137376536616235383363383037303363663565633837353635323265323266396536
37316231353437383735626430376661366231633237383765303630613732343236363364313639
33353565346238616661666239323139303566336361643731626230343461656330363963363038
63613435346462376166633936346333643037376132383937636533653864653030656264366164
35326133666535313062356334326663643637343739383030316331363630646634636232633338
38303937353231653235343239383662636162363536323562333739636161356361623534306233
62343030313136376361646539663436316339626638373034616263306137396663623631316336
31336335316339373532376466333465653132623466346134326231613536616530623562383165
64313665636531326261323534336363623266393133626665343433323563363431666661363464
31346537373139363832346534346235623737343366343061343064353731663739383335613064
64663461346135633034323861643664383530353837353535663064653936393565303632633030
64313632386532363465383238623063656363363435656161393837633637303839343837353765
30306236653735653039663831323561316339636233663235393366346230353033353931393861
37653462323937323434633030666631623065346462663339326263353164393066373538386661
34623266303136663066656263366563663065333931653235386532373636633066383462363261
65626136306561306237613934623337333338323063646531376266613231373731616238333266
31323963616635366338653262663233396662633862353062643631363664346438613864633262
62323435393833363835643363363165666438616437343461633866303736623735323861626338
65613066323339623935316530616438343937643064646639613132343439646533653161383437
31353166656536303561646566333965373938393763313563383934613130343964366435656463
38616238353238323162653730383463323031316337663137353239356364663462353632343334
34396434623964333030653837636438653532386362326632663636623864333564376434656163
32623562316234353036333831656430393332363634666139393231623866383561333236383464
31633336666435396563313262353439343836666463643865333630656534643435326637383764
66313336333238383739663137313264323934326563666637353266616663626363666634623836
39376534313732303961323465646233633537353432376336663334663538373337323633356566
35626334366134386462623166313932323564373834333436653565633062333532333261666231
38353439333335353266626266333235356164316439313031613032383165386436306436353763
37393833396432646331613530663432663237396132343366656465383864623465323264626661
38383165323865393431333265323931346532653734303936323234633835393734623331386437
34393363373962626333653833623530333139643164363134343263613637376436363930326437
36363432663938646230386432323032646530396536326663643064616664336462396130326639
38663736353062613336303037653438316433613139363065333637643462663162306464643864
39366635633033623439373764663365363833343261663062393633333638343331366430393463
38373537343939656466633462646435303030323663373264316534626563373038366535303236
61636366343732353861313033616137643032376265353465313838666132373764363932353062
39656432373066393066656134643534633030313163646131313934333461333731306639323335
36353931383963333532303165613265393733333435636161303135343466646165373531373734
34643437393835653936326637353065366232393766313434313636386631646162363233313561
61636432343631386239643935663135376632326666663430366632383434333036616137626235
33303733343137353234643832373737633633653565613561666665333264303530336134613263
61333262396161613738623033383965366665623933336564633538356332306161316135613961
63356238363331666433333865326231643135393866373235653836653736313836393466653566
32343132646230323931653761326363393630656632396139643831333830646339636138393965
66373434626335313064356337656634396663656137306434353533356666366561633466666633
36316431313638623163663637323666666666353638326633393665313737323738366532656239
35363365346335613733356164316634663337383936356534316466623665663865646335653835
62313864666262393962613035383466653633656337346364633436363065383439396637663034
37396635306562623064666562626331623739616662643063313461313539613637323133376630
66636536663035363563333030306463666239323439323531653164373532633265353337396637
65656566313436393632383466393334333662663231366433303235306139666666356239323436
32613365316637663963336166333831376561386531643533306638663362663062376136636339
65656564356630333534313761393363633431306336613334343634373231326631646130626633
34303730336533363661326263356336613364633633663037663931393262306333643130313035
33366566313863363134653233376663356635663839313464386530623731643736643166306465
31333631383433326664616664373633393661616130666231313736343565346536613839306165
61333234313330373737316334303832653964343737336630326333363361646661656538373465
34626139663435613865313164633061303964613432363530306330363930336433343533613164
31636162323666663939333033376134353363633464313864306339316330636662333062636334
37656439623132613832656562653566633864616436666437316563383736393635383037336139
38633665313333313939396436386130323937353966396664666334326462336538333636373337
38356464353065303962306232366563336336366664633934653564333133663063346133653135
34373961616236363035666662303261376239646665386666386638363631373736636563363038
35356330616533626434623430623630326363626235376263303235346632306634353765383934
3163323631346462666565666632343361343338343861666262
